name: resfinder
channels:
  - bioconda/label/cf201901
  - bioconda
  - r
  - defaults
  - conda-forge
dependencies:
  - blast=2.12.0=h0370960_3
  - bzip2=1.0.8=h0d85af4_4
  - c-ares=1.18.1=h0d85af4_0
  - ca-certificates=2021.10.8=h033912b_0
  - curl=7.83.0=h23f1065_0
  - entrez-direct=16.2=h193322a_0
  - kma=1.1.7=ha92aebf_0
  - krb5=1.19.3=hb98e516_0
  - libcurl=7.83.0=h23f1065_0
  - libcxx=14.0.3=hc203e6f_0
  - libedit=3.1.20191231=h0678c8f_2
  - libev=4.33=haf1e3a3_1
  - libnghttp2=1.47.0=hca56917_0
  - libssh2=1.10.0=hd3787cc_2
  - libzlib=1.2.11=h6c3fc93_1014
  - llvm-openmp=14.0.3=ha654fa7_0
  - ncurses=6.3=h96cf925_1
  - openssl=3.0.3=hfe4f2af_0
  - pcre=8.45=he49afe7_0
  - perl=5.32.1=2_h0d85af4_perl5
  - perl-archive-tar=2.40=pl5321hdfd78af_0
  - perl-carp=1.38=pl5321hdfd78af_4
  - perl-common-sense=3.75=pl5321hdfd78af_0
  - perl-compress-raw-bzip2=2.103=pl5321h9722bc1_0
  - perl-compress-raw-zlib=2.103=pl5321h9722bc1_0
  - perl-encode=3.17=pl5321ha5712d3_0
  - perl-exporter=5.72=pl5321hdfd78af_2
  - perl-exporter-tiny=1.002002=pl5321hdfd78af_0
  - perl-extutils-makemaker=7.64=pl5321hd8ed1ab_0
  - perl-io-compress=2.106=pl5321h9722bc1_0
  - perl-io-zlib=1.11=pl5321hdfd78af_0
  - perl-json=4.05=pl5321hdfd78af_0
  - perl-json-xs=2.34=pl5321hcd10b59_5
  - perl-list-moreutils=0.430=pl5321hdfd78af_0
  - perl-list-moreutils-xs=0.430=pl5321ha5712d3_1
  - perl-parent=0.236=pl5321hdfd78af_2
  - perl-pathtools=3.75=pl5321ha5712d3_3
  - perl-scalar-list-utils=1.62=pl5321ha5712d3_0
  - perl-types-serialiser=1.01=pl5321hdfd78af_0
  - zlib=1.2.11=h6c3fc93_1014
prefix: /Applications/miniconda3/envs/resfinder
